name: base
channels:
  - defaults
dependencies:
  - archspec=0.2.3=pyhd3eb1b0_0
  - boltons=23.0.0=py310haa95532_0
  - brotli-python=1.0.9=py310hd77b12b_7
  - bzip2=1.0.8=he774522_0
  - ca-certificates=2024.3.11=haa95532_0
  - certifi=2024.2.2=py310haa95532_0
  - cffi=1.15.1=py310h2bbff1b_3
  - charset-normalizer=2.0.4=pyhd3eb1b0_0
  - colorama=0.4.6=py310haa95532_0
  - conda=24.3.0=py310haa95532_0
  - conda-content-trust=0.2.0=py310haa95532_0
  - conda-libmamba-solver=24.1.0=pyhd3eb1b0_0
  - conda-package-handling=2.2.0=py310haa95532_0
  - conda-package-streaming=0.9.0=py310haa95532_0
  - console_shortcut_miniconda=0.1.1=haa95532_0
  - cryptography=41.0.3=py310h89fc84f_0
  - distro=1.8.0=py310haa95532_0
  - fmt=9.1.0=h6d14046_0
  - idna=3.4=py310haa95532_0
  - jsonpatch=1.32=pyhd3eb1b0_0
  - jsonpointer=2.1=pyhd3eb1b0_0
  - libarchive=3.6.2=hb62f4d4_2
  - libcurl=8.5.0=h86230a5_0
  - libffi=3.4.4=hd77b12b_0
  - libiconv=1.16=h2bbff1b_2
  - libmamba=1.5.8=h99b1521_1
  - libmambapy=1.5.8=py310h77c03ed_1
  - libsolv=0.7.24=h23ce68f_0
  - libssh2=1.10.0=he2ea4bf_2
  - libxml2=2.10.4=h0ad7f3c_1
  - lz4-c=1.9.4=h2bbff1b_0
  - menuinst=2.0.2=py310hd77b12b_0
  - openssl=3.0.13=h2bbff1b_0
  - packaging=23.1=py310haa95532_0
  - pcre2=10.42=h0ff8eda_0
  - pip=22.3.1=py310haa95532_0
  - platformdirs=3.10.0=py310haa95532_0
  - pluggy=1.0.0=py310haa95532_1
  - powershell_shortcut_miniconda=0.0.1=haa95532_0
  - pybind11-abi=4=hd3eb1b0_1
  - pycosat=0.6.6=py310h2bbff1b_0
  - pycparser=2.21=pyhd3eb1b0_0
  - pyopenssl=23.2.0=py310haa95532_0
  - pysocks=1.7.1=py310haa95532_0
  - python=3.10.11=he1021f5_3
  - reproc=14.2.4=hd77b12b_1
  - reproc-cpp=14.2.4=hd77b12b_1
  - requests=2.31.0=py310haa95532_0
  - ruamel.yaml=0.17.21=py310h2bbff1b_0
  - ruamel.yaml.clib=0.2.6=py310h2bbff1b_1
  - setuptools=65.5.0=py310haa95532_0
  - six=1.16.0=pyhd3eb1b0_1
  - sqlite=3.41.2=h2bbff1b_0
  - tk=8.6.12=h2bbff1b_0
  - tqdm=4.65.0=py310h9909e9c_0
  - truststore=0.8.0=py310haa95532_0
  - tzdata=2023c=h04d1e81_0
  - urllib3=1.26.18=py310haa95532_0
  - vc=14.2=h21ff451_1
  - vs2015_runtime=14.27.29016=h5e58377_2
  - wheel=0.37.1=pyhd3eb1b0_0
  - win_inet_pton=1.1.0=py310haa95532_0
  - wincertstore=0.2=py310haa95532_2
  - xz=5.4.2=h8cc25b3_0
  - yaml-cpp=0.8.0=hd77b12b_0
  - zlib=1.2.13=h8cc25b3_0
  - zstandard=0.19.0=py310h2bbff1b_0
  - zstd=1.5.5=hd43e919_0
  - pip:
      - arrow==1.3.0
      - python-dateutil==2.9.0.post0
      - pytz==2024.1
      - types-python-dateutil==2.9.0.20240316
prefix: E:\Programs\miniconda3
